0110100000000100
1110001100000000
0110100000101010
0001000000011110
0110100000001000
1110001100000000
0110100001011000
0001000000010101
0110100000001100
1110001100000000
0110100000111110
0001000000011110
0110100000010000
1110001100000000
0110100001011000
0001000000011110
0110100000010100
1110001100000000
0110100001001100
0001000000011110
1111000000000000
1101001110000000
0110001100000000
0100111111111111
1000100000000001
0110101000000000
0110001110000000
1000100000000000
0010000000101000
0001000000010101
0110001100000000
0101111111111111
0110001110000000
1000100000000000
0010000000101000
1101101000000000
0110001100000000
1000100000000001
0110101000000000
0001000000011110
1110101100000000
0001011111111111
0000000001110111
0000000001101000
0000000001100001
0000000001110100
0000000000100000
0000000001101001
0000000001110011
0000000000100000
0000000001111001
0000000001101111
0000000001110101
0000000001110010
0000000000100000
0000000001101110
0000000001100001
0000000001101101
0000000001100101
0000000000111111
0000000000001010
0000000000000000
0000000001111001
0000000001101111
0000000001110101
0000000001110010
0000000000100000
0000000001101110
0000000001100001
0000000001101101
0000000001100101
0000000000100000
0000000001101001
0000000001110011
0000000000100000
0000000000000000
0000000000100001
0000000000001010
0000000001010111
0000000001100101
0000000001101100
0000000001100011
0000000001101111
0000000001101101
0000000001100101
0000000000100001
0000000000001010
0000000000000000
0000000000000000